4294967278,132
4294967278,131
4294967278,130
4294967278,129
4294967278,128
4294967278,127
4294967278,126
4294967278,121
4294967278,120
4294967278,118
4294967278,117
4294967278,114
4294967278,113
4294967278,111
4294967278,110
4294967278,107
4294967278,106
4294967278,105
4294967278,95
4294967278,90
4294967278,89
4294967278,76
4294967278,75
4294967278,72
4294967278,322
4294967278,561
4294967278,65
4294967278,64
4294967278,63
4294967278,62
4294967278,55
4294967278,54
4294967278,53
4294967278,0
4294967278,516
4294967279,72
4294967279,71
4294967279,70
4294967279,69
4294967279,306
4294967279,305
4294967279,67
4294967279,381
4294967279,66
4294967279,393
4294967279,65
4294967279,64
4294967279,340
4294967279,63
4294967279,62
4294967279,61
4294967279,60
4294967279,59
4294967279,304
4294967279,58
4294967279,57
4294967279,56
4294967279,55
4294967279,54
4294967279,348
4294967279,53
4294967279,380
4294967279,52
4294967279,290
4294967279,51
4294967279,50
4294967279,333
4294967279,49
4294967279,48
4294967279,47
4294967279,46
4294967279,45
4294967279,302
4294967279,44
4294967279,43
4294967279,42
4294967279,41
4294967279,40
4294967279,321
4294967279,39
4294967279,38
4294967279,37
4294967279,36
4294967279,35
4294967279,301
4294967279,34
4294967279,270
4294967279,33
4294967279,32
4294967279,31
4294967279,30
4294967279,29
4294967279,28
4294967279,27
4294967279,281
4294967279,26
4294967279,25
4294967279,24
4294967279,374
4294967279,23
4294967279,22
4294967279,21
4294967279,20
4294967279,337
4294967279,19
4294967279,426
4294967279,18
4294967279,342
4294967279,17
4294967279,314
4294967279,16
4294967279,279
4294967279,15
4294967279,373
4294967279,14
4294967279,372
4294967279,13
4294967279,286
4294967279,12
4294967279,11
4294967279,10
4294967279,9
4294967279,8
4294967279,7
4294967279,6
4294967279,336
4294967279,5
4294967279,296
4294967279,4
4294967278,572
4294967278,530
4294967279,309
4294967278,571
4294967278,91
4294967278,515
4294967294,494
4294967294,901
4294967294,186
4294967278,200
4294967294,437
4294967278,199
4294967278,198
2040,6
4294967294,2
4294967294,1
4294967294,46
4294967278,195
4294967294,966
4294967279,308
4294967279,0
4294967278,570
4294967278,260
2040,5
4294967294,9
4294967278,194
2040,4
2040,3
2040,2
2040,1
0,7
4294967294,419
4294967294,90
4294967294,87
4294967294,84
4294967294,22
4294967294,17
4294967294,67
4294967294,76
4294967294,969
4294967294,82
4294967278,77
4294967278,373
4294967294,95
4294967294,96
4294967294,45
4294967294,424
4294967294,43
4294967294,93
4294967294,94
4294967294,40
4294967294,7
4294967294,37
4294967294,417
4294967294,948
4294967294,900
4294967294,0
4294967294,918
4294967294,28
4294967294,917
4294967294,27
4294967294,25
4294967294,26
0,5
4294967294,8
4294967279,68
4294967279,181
2039,6
2039,5
2039,4
2039,3
2039,2
2039,1
2036,5
2036,4
2036,3
2036,2
2036,1
2034,5
2034,4
2034,3
2034,2
2034,1
4294967294,495
2033,4
2033,3
2033,2
2033,1
2032,4
2032,3
2032,2
2032,1
2031,4
2031,3
2031,2
2031,1
2030,4
2030,3
2030,2
2030,1
4294967278,553
4294967279,298
4294967293,131
4294967293,130
4294967293,129
4294967293,128
4294967293,127
4294967293,126
4294967293,125
4294967293,124
4294967293,123
4294967293,122
4294967293,121
4294967293,120
4294967293,119
4294967293,118
4294967293,117
4294967293,116
4294967293,115
4294967293,114
4294967293,113
4294967293,112
4294967293,111
4294967293,110
4294967293,109
4294967293,108
4294967293,107
4294967293,106
4294967293,105
4294967293,104
4294967293,103
4294967293,102
4294967293,101
4294967293,100
4294967293,99
4294967293,98
4294967293,97
4294967293,96
4294967293,95
4294967293,94
4294967293,93
4294967293,92
4294967293,91
4294967293,90
4294967293,89
4294967293,88
4294967293,87
4294967293,86
4294967293,85
4294967293,84
4294967293,83
4294967293,82
4294967293,81
4294967293,80
4294967293,79
4294967293,78
4294967293,77
4294967293,76
4294967293,75
4294967293,74
4294967293,73
4294967293,72
4294967293,71
4294967293,70
4294967293,69
4294967293,68
4294967293,67
4294967293,66
4294967293,65
4294967293,64
4294967293,63
4294967293,62
4294967293,61
4294967293,60
4294967293,59
4294967293,58
4294967293,57
4294967293,56
4294967293,55
4294967293,54
4294967293,53
4294967293,52
4294967293,51
4294967293,50
4294967293,49
4294967293,48
4294967293,47
4294967293,46
